
GeForce GTX 860M - tsukuba
id	medL_solo	medR_solo	med_full	cross_h	cross_v	cross_full	aggregation	integral_h	aggr_h	integral_v	aggr_v	init_disp	final_disp	cross method total			aggr	supp_w	v_aggr_mean	h_aggr_mean	total aggregation	wta	consistency	v_ref_mean_L	v_ref_mean_R	h_ref_mean_L	h_ref_mean_R	wta_mean_LR	consistency_mean	total refinement	median	total WTA method
Run 1 	0.063	0.061	0.750	0.738	0.733	1.475	0.477	4.920	2.288	1.210	2.439	0.471	14.242	30.375			0.494	3.000	25.935	25.696	361.443	0.637	0.055	0.588	0.586	0.625	0.619	0.667	0.058	19.012	0.059	384.714	
Run 2 	0.055	0.058	0.320	0.683	0.675	1.361	0.474	4.745	2.262	1.181	2.394	0.463	30.284	45.790			0.480	2.784	25.979	25.605	361.121	0.566	0.060	0.584	0.587	0.624	0.619	0.572	0.059	18.499	0.059	383.583	
Run 3 	0.055	0.056	0.306	0.686	0.679	1.368	0.471	4.754	2.276	1.177	2.358	0.455	72.509	87.567			0.458	2.769	25.998	25.590	361.151	0.716	0.060	0.588	0.594	0.622	0.622	0.700	0.059	19.210	0.059	384.437	
Run 4 	0.055	0.057	0.344	0.682	0.679	1.365	0.476	4.724	2.276	1.180	2.371	0.458	65.905	81.029			0.482	2.776	25.966	25.622	361.150	0.734	0.059	0.588	0.592	0.620	0.620	0.751	0.058	19.386	0.059	384.661	
Run 5 	0.055	0.057	0.369	0.687	0.677	1.368	0.478	4.733	2.269	1.178	2.406	0.459	62.212	77.416			0.459	2.778	26.034	25.717	362.294	0.729	0.060	0.585	0.592	0.624	0.622	0.707	0.057	19.241	0.060	385.635	
Run 6 	0.055	0.057	0.337	0.681	0.684	1.369	0.478	4.775	2.236	1.172	2.422	0.458	63.210	78.468			0.462	2.774	26.015	25.668	361.812	0.750	0.060	0.587	0.585	0.622	0.619	0.789	0.058	19.547	0.060	385.480	
Run 7 	0.055	0.055	0.341	0.686	0.675	1.365	0.453	4.791	2.232	1.172	2.458	0.458	60.381	75.798			0.486	2.781	26.006	25.655	361.656	0.772	0.055	0.586	0.588	0.619	0.623	0.763	0.056	19.422	0.060	385.246	
Run 8 	0.055	0.057	0.299	0.684	0.680	1.368	0.449	4.758	2.262	1.171	2.457	0.457	71.263	93.418			0.461	2.781	26.155	25.731	363.234	0.778	0.060	0.585	0.586	0.622	0.620	0.762	0.057	19.569	0.059	386.957	
Run 9 	0.055	0.059	0.712	0.680	0.677	1.361	0.456	4.758	2.227	1.185	2.469	0.459	59.439	81.720			0.463	2.780	26.060	25.671	362.143	0.731	0.055	0.593	0.601	0.619	0.620	0.751	0.060	19.590	0.060	385.836	
Run 10 	0.058	0.056	0.339	0.687	0.675	1.366	0.457	4.799	2.232	1.176	2.464	0.460	63.375	85.572			0.486	2.779	25.968	25.654	361.387	0.695	0.060	0.586	0.597	0.621	0.620	0.709	0.060	19.240	0.059	384.719	
GeForce GTX 860M - art
id	medL_solo	medR_solo	med_full	cross_h	cross_v	cross_full	aggregation	integral_h	aggr_h	integral_v	aggr_v	init_disp	final_disp	cross method total			aggr	supp_w	v_aggr_mean	h_aggr_mean	total aggregation	wta	consistency	v_ref_mean_L	v_ref_mean_R	h_ref_mean_L	h_ref_mean_R	wta_mean_LR	consistency_mean	total refinement	median	total WTA method
Run 1 	0.088	0.087	0.963	1.100	1.103	2.206	0.658	8.509	3.354	2.053	4.088	0.691	21.195	46.065			0.698	4.484	39.351	38.842	547.382	1.248	0.091	0.959	0.960	1.002	1.004	1.308	0.092	32.294	0.093	586.303	
Run 2 	0.085	0.088	0.602	1.100	1.097	2.201	0.664	8.585	3.314	2.077	3.982	0.686	29.257	53.913			0.649	4.488	39.357	38.851	547.486	0.847	0.092	0.965	0.967	1.005	1.006	0.860	0.093	29.696	0.097	583.370	
Run 3 	0.086	0.089	0.928	1.098	1.094	2.196	0.657	8.907	3.357	2.040	3.619	0.689	106.015	130.786			0.691	4.488	39.352	38.674	546.215	0.933	0.091	0.959	0.963	1.007	1.006	0.933	0.092	29.937	0.096	582.466	
Run 4 	0.086	0.087	0.532	1.096	1.090	2.190	0.663	8.541	3.348	2.058	3.665	0.686	116.749	140.577			0.697	4.489	39.331	38.659	545.955	1.053	0.089	0.958	0.963	1.006	1.009	1.035	0.093	30.340	0.096	582.735	
Run 5 	0.086	0.088	0.971	1.095	1.099	2.197	0.669	8.888	3.346	2.068	3.749	0.692	109.135	134.477			0.679	4.490	39.333	38.661	545.990	1.066	0.090	0.960	0.961	1.006	1.007	1.059	0.091	30.460	0.096	582.885	
Run 6 	0.085	0.088	0.545	1.093	1.098	2.194	0.666	8.990	3.337	2.042	3.791	0.688	106.620	131.346			0.682	4.485	39.253	38.664	545.447	1.181	0.091	0.960	0.959	1.006	1.006	1.180	0.090	31.141	0.098	583.141	
Run 7 	0.086	0.089	1.279	1.106	1.101	2.211	0.638	8.912	3.326	2.055	3.772	0.688	85.411	111.095			0.655	4.491	39.253	38.663	545.444	1.193	0.091	0.958	0.962	1.006	1.006	1.174	0.090	31.222	0.098	583.209	
Run 8 	0.086	0.088	0.518	1.098	1.098	2.199	0.655	8.521	3.329	2.028	3.752	0.688	90.159	114.526			0.657	4.485	39.292	38.798	546.662	1.136	0.092	0.958	0.960	1.002	1.006	1.139	0.092	31.055	0.097	584.197	
Run 9 	0.086	0.089	0.947	1.102	1.101	2.207	0.666	8.916	3.323	2.067	3.800	0.689	88.608	114.131			0.642	4.482	39.284	38.801	546.626	1.095	0.091	0.961	0.961	1.006	1.006	1.110	0.093	30.810	0.096	583.858	
Run 10 	0.089	0.088	0.576	1.099	1.099	2.202	0.664	8.948	3.332	2.050	3.757	0.689	104.549	129.355			0.670	4.477	39.287	38.803	546.660	1.086	0.091	0.959	0.960	1.006	1.011	1.111	0.091	30.893	0.097	583.988	
GeForce GTX 860M - teddy
id	medL_solo	medR_solo	med_full	cross_h	cross_v	cross_full	aggregation	integral_h	aggr_h	integral_v	aggr_v	init_disp	final_disp	cross method total			aggr	supp_w	v_aggr_mean	h_aggr_mean	total aggregation	wta	consistency	v_ref_mean_L	v_ref_mean_R	h_ref_mean_L	h_ref_mean_R	wta_mean_LR	consistency_mean	total refinement	median	total WTA method
Run 1 	0.092	0.097	1.632	1.157	1.150	2.311	0.707	10.926	3.508	2.140	4.158	0.730	20.857	49.728			0.718	4.680	41.486	40.632	574.855	0.993	0.091	1.001	1.006	1.052	1.053	1.025	0.094	31.694	0.100	613.146	
Run 2 	0.092	0.092	0.982	1.153	1.148	2.305	0.695	10.585	3.509	2.136	3.803	0.725	35.643	63.392			0.687	4.686	41.489	40.629	574.857	0.846	0.095	1.001	1.005	1.053	1.053	0.865	0.093	30.783	0.101	612.067	
Run 3 	0.092	0.091	1.083	1.159	1.147	2.310	0.691	10.494	3.528	2.147	3.621	0.730	106.625	133.612			0.685	4.691	41.498	40.629	574.920	0.945	0.092	1.000	1.008	1.051	1.048	0.936	0.097	31.073	0.102	612.522	
Run 4 	0.092	0.091	0.586	1.164	1.145	2.313	0.694	10.691	3.517	2.154	3.754	0.729	136.984	164.158			0.691	4.673	41.510	40.629	575.003	1.378	0.092	1.000	1.002	1.053	1.049	1.337	0.094	32.675	0.101	614.628	
Run 5 	0.092	0.091	1.015	1.156	1.146	2.306	0.700	10.620	3.486	2.145	3.986	0.726	110.826	138.362			0.689	4.679	41.506	40.625	574.946	1.599	0.091	0.999	1.002	1.049	1.048	1.599	0.094	33.976	0.102	616.096	
Run 6 	0.089	0.091	0.541	1.155	1.149	2.307	0.704	10.550	3.478	2.130	3.998	0.726	97.886	124.969			0.691	4.676	41.155	40.580	572.177	1.379	0.093	0.999	1.008	1.053	1.054	1.364	0.093	33.404	0.100	612.536	
Run 7 	0.092	0.091	1.033	1.160	1.151	2.314	0.699	10.653	3.461	2.149	3.985	0.730	84.217	111.829			0.713	4.660	41.152	40.593	572.250	1.281	0.092	1.001	1.005	1.046	1.053	1.294	0.096	32.991	0.100	612.102	
Run 8 	0.092	0.091	0.526	1.158	1.149	2.311	0.701	10.496	3.466	2.153	3.972	0.731	90.293	117.151			0.713	4.692	41.173	40.594	572.395	1.143	0.091	1.000	1.005	1.054	1.053	1.181	0.095	32.521	0.097	611.667	
Run 9 	0.092	0.092	1.018	1.157	1.148	2.309	0.699	10.268	3.455	2.177	4.027	0.727	83.623	110.676			0.738	4.687	41.366	40.910	575.962	1.156	0.092	1.004	1.010	1.049	1.050	1.161	0.096	32.601	0.099	615.349	
Run 10 	0.092	0.091	0.534	1.162	1.147	2.312	0.698	10.530	3.467	2.171	3.989	0.729	96.650	123.671			0.698	4.691	41.365	40.912	575.969	1.090	0.094	1.001	1.007	1.053	1.047	1.110	0.094	32.142	0.101	614.800	
GeForce GTX 860M - cones
id	medL_solo	medR_solo	med_full	cross_h	cross_v	cross_full	aggregation	integral_h	aggr_h	integral_v	aggr_v	init_disp	final_disp	cross method total			aggr	supp_w	v_aggr_mean	h_aggr_mean	total aggregation	wta	consistency	v_ref_mean_L	v_ref_mean_R	h_ref_mean_L	h_ref_mean_R	wta_mean_LR	consistency_mean	total refinement	median	total WTA method
Run 1 	0.092	0.092	1.370	1.158	1.143	2.305	0.706	10.159	3.540	2.145	4.289	0.730	16.188	43.948			0.716	4.693	41.357	40.916	575.942	1.018	0.091	1.007	1.003	1.053	1.051	1.058	0.096	32.015	0.100	614.589	
Run 2 	0.092	0.091	0.584	1.154	1.150	2.307	0.706	10.140	3.499	2.125	3.888	0.731	32.315	59.033			0.712	4.663	41.213	40.921	574.970	0.829	0.092	0.999	1.006	1.049	1.053	0.848	0.094	30.748	0.099	612.126	
Run 3 	0.092	0.091	1.069	1.158	1.157	2.319	0.698	10.219	3.528	2.131	3.603	0.732	120.308	147.151			0.690	4.669	41.213	40.925	574.995	1.081	0.092	0.999	1.007	1.052	1.053	1.051	0.095	31.763	0.101	613.406	
Run 4 	0.092	0.090	0.587	1.161	1.147	2.312	0.701	10.132	3.502	2.141	3.833	0.731	113.877	140.303			0.708	4.691	41.425	40.619	574.341	1.272	0.096	1.003	1.003	1.053	1.052	1.278	0.097	32.388	0.103	613.613	
Run 5 	0.092	0.091	0.990	1.156	1.148	2.307	0.701	10.202	3.476	2.150	3.969	0.735	110.126	137.147			0.681	4.677	41.449	40.614	574.474	1.423	0.095	1.002	1.004	1.049	1.053	1.378	0.093	33.521	0.101	614.987	
Run 6 	0.091	0.091	0.575	1.154	1.150	2.308	0.698	10.381	3.464	2.126	3.991	0.729	88.462	115.484			0.711	4.697	41.430	40.616	574.356	1.258	0.092	1.003	1.004	1.049	1.049	1.251	0.095	32.935	0.101	614.164	
Run 7 	0.092	0.092	1.291	1.160	1.149	2.313	0.702	10.161	3.504	2.137	4.017	0.731	87.373	114.525			0.693	4.707	41.422	40.616	574.299	1.236	0.096	1.003	1.004	1.057	1.053	1.243	0.094	32.657	0.102	613.805	
Run 8 	0.092	0.090	0.540	1.158	1.143	2.305	0.684	9.841	3.475	2.131	4.025	0.727	91.991	118.442			0.728	4.666	41.455	40.621	574.565	1.184	0.095	1.003	1.009	1.048	1.048	1.179	0.097	32.525	0.101	613.879	
Run 9 	0.092	0.090	0.962	1.154	1.152	2.309	0.694	10.179	3.457	2.147	3.997	0.728	91.498	118.342			0.725	4.693	41.438	40.619	574.429	1.133	0.092	0.999	1.005	1.050	1.053	1.142	0.093	32.201	0.102	613.391	
Run 10 	0.090	0.091	0.511	1.158	1.149	2.310	0.706	9.959	3.458	2.142	4.000	0.730	104.042	130.447			0.713	4.663	41.546	40.620	575.189	1.089	0.092	1.003	1.006	1.048	1.052	1.101	0.094	32.023	0.098	613.881	
GeForce GTX 860M - laundry
id	medL_solo	medR_solo	med_full	cross_h	cross_v	cross_full	aggregation	integral_h	aggr_h	integral_v	aggr_v	init_disp	final_disp	cross method total			aggr	supp_w	v_aggr_mean	h_aggr_mean	total aggregation	wta	consistency	v_ref_mean_L	v_ref_mean_R	h_ref_mean_L	h_ref_mean_R	wta_mean_LR	consistency_mean	total refinement	median	total WTA method
Run 1 	0.092	0.091	1.033	1.145	1.135	2.284	0.695	9.148	3.489	2.130	3.977	0.721	22.009	47.961			0.710	4.662	40.944	40.191	567.973	1.127	0.095	0.995	1.000	1.039	1.045	1.204	0.093	32.498	0.098	607.176	
Run 2 	0.089	0.091	0.529	1.145	1.142	2.291	0.676	9.209	3.459	2.127	3.833	0.721	46.383	72.105			0.716	4.658	40.867	40.199	567.496	0.855	0.092	0.993	1.001	1.044	1.045	0.869	0.092	30.622	0.097	604.549	
Run 3 	0.089	0.090	0.959	1.145	1.139	2.288	0.690	9.371	3.485	2.115	3.658	0.715	116.280	142.016			0.700	4.627	40.903	40.192	567.700	0.945	0.094	0.992	0.996	1.046	1.040	0.958	0.095	30.866	0.100	605.049	
Run 4 	0.089	0.091	0.569	1.147	1.138	2.289	0.693	9.623	3.474	2.126	3.746	0.718	121.602	147.359			0.728	4.655	40.729	40.482	568.503	1.449	0.093	0.998	0.998	1.040	1.041	1.435	0.096	33.235	0.101	608.778	
Run 5 	0.092	0.091	0.985	1.149	1.139	2.292	0.696	9.397	3.458	2.118	3.909	0.717	102.361	128.304			0.697	4.640	40.751	40.485	568.685	1.340	0.092	0.994	0.994	1.044	1.043	1.383	0.093	33.029	0.100	608.597	
Run 6 	0.089	0.090	0.531	1.144	1.142	2.290	0.699	9.191	3.448	2.156	3.907	0.719	87.823	113.220			0.714	4.652	40.739	40.475	568.528	1.298	0.096	0.993	0.997	1.040	1.039	1.365	0.096	33.019	0.101	608.422	
Run 7 	0.092	0.092	1.191	1.147	1.145	2.296	0.687	9.305	3.449	2.134	3.976	0.721	87.136	114.167			0.701	4.642	40.741	40.466	568.481	1.185	0.096	0.993	0.995	1.044	1.040	1.225	0.093	32.427	0.099	607.645	
Run 8 	0.089	0.091	0.645	1.149	1.141	2.294	0.693	9.204	3.448	2.134	3.944	0.723	95.624	121.603			0.700	4.634	40.751	40.476	568.619	1.124	0.092	0.997	1.000	1.044	1.043	1.158	0.094	32.150	0.098	607.432	
Run 9 	0.089	0.091	1.137	1.157	1.135	2.295	0.695	9.580	3.441	2.123	3.968	0.721	89.677	116.294			0.702	4.654	40.737	40.479	568.543	1.091	0.092	0.995	0.999	1.040	1.043	1.129	0.095	31.942	0.100	607.136	
Run 10 	0.092	0.091	0.541	1.152	1.138	2.293	0.681	9.215	3.437	2.129	3.964	0.718	100.209	125.764			0.689	4.659	40.725	40.484	568.494	1.144	0.095	0.993	0.995	1.042	1.039	1.138	0.092	31.888	0.097	607.080	