
Intel(R) HD Graphics 4600 - tsukuba
id	medL_solo	medR_solo	med_full	cross_h	cross_v	cross_full	aggregation	integral_h	aggr_h	integral_v	aggr_v	init_disp	final_disp	cross method total			aggr	supp_w	v_aggr_mean	h_aggr_mean	total aggregation	wta	consistency	v_ref_mean_L	v_ref_mean_R	h_ref_mean_L	h_ref_mean_R	wta_mean_LR	consistency_mean	total refinement	median	total WTA method
Run 1 	0.203	0.202	0.455	2.285	2.285	4.574	3.696	81.815	9.331	3.729	10.085	2.821	173.310	290.803			3.746	13.660	245.422	228.797	3328.754	4.514	0.535	3.711	3.963	3.276	3.245	5.400	0.356	126.076	0.548	3478.585	
Run 2 	0.203	0.202	0.409	2.284	2.286	4.576	3.525	82.526	8.691	4.217	10.275	2.338	385.681	503.389			3.787	20.108	243.316	226.912	3299.584	3.107	0.309	3.744	3.599	3.077	3.101	4.185	0.354	112.449	0.543	3440.894	
Run 3 	0.484	0.462	0.955	5.474	5.834	11.318	5.303	78.927	8.484	3.829	9.509	2.753	512.772	637.600			3.814	22.299	245.593	230.384	3347.187	3.941	0.306	3.911	3.796	3.368	3.112	5.101	0.427	118.732	0.554	3499.501	
Run 4 	0.440	0.440	1.031	5.190	5.832	11.307	4.078	78.280	8.963	4.158	9.717	3.524	483.882	610.243			3.967	21.047	251.707	242.469	3475.445	4.131	0.308	3.673	4.013	3.544	3.393	5.469	0.339	123.442	0.519	3631.594	
Run 5 	0.458	0.440	0.906	5.054	5.157	10.221	4.268	75.191	8.123	4.026	10.696	2.767	452.229	577.196			4.137	20.900	245.704	227.622	3327.434	4.439	0.309	3.676	3.707	3.489	3.749	5.565	0.342	118.240	0.603	3477.083	
Run 6 	0.484	0.484	1.116	5.149	5.590	11.485	4.167	75.810	9.125	4.557	9.632	2.843	443.485	570.664			4.623	20.768	244.398	229.282	3331.021	3.789	0.349	3.655	3.594	3.422	3.297	5.219	0.342	118.193	0.912	3481.507	
Run 7 	0.515	0.483	1.110	5.717	5.587	12.199	3.971	77.114	8.817	4.791	9.714	3.083	452.062	581.060			4.768	17.398	242.355	229.041	3314.908	4.107	0.287	3.585	3.606	3.505	3.208	5.278	0.370	119.043	0.528	3461.667	
Run 8 	0.440	0.456	0.916	5.243	5.815	11.973	4.355	80.033	9.535	3.665	10.826	2.924	467.139	598.671			4.705	18.491	247.354	239.817	3425.172	4.252	0.309	3.688	3.649	3.113	3.115	5.419	0.328	120.808	0.518	3575.063	
Run 9 	0.458	0.471	0.945	5.132	5.349	10.491	4.136	76.219	8.756	3.909	9.701	2.548	444.720	567.942			4.561	18.783	242.550	226.137	3294.524	4.489	0.306	3.865	3.677	3.749	3.039	5.189	0.368	124.282	0.489	3449.340	
Run 10 	0.440	0.439	0.955	5.131	5.279	11.250	3.991	75.061	8.999	4.576	9.428	3.161	462.435	587.446			4.428	20.236	242.007	225.717	3290.075	4.199	0.353	3.482	3.537	3.064	3.394	5.357	0.355	116.534	0.575	3439.002	
Intel(R) HD Graphics 4600 - art
id	medL_solo	medR_solo	med_full	cross_h	cross_v	cross_full	aggregation	integral_h	aggr_h	integral_v	aggr_v	init_disp	final_disp	cross method total			aggr	supp_w	v_aggr_mean	h_aggr_mean	total aggregation	wta	consistency	v_ref_mean_L	v_ref_mean_R	h_ref_mean_L	h_ref_mean_R	wta_mean_LR	consistency_mean	total refinement	median	total WTA method
Run 1 	0.301	0.300	0.727	3.440	3.812	7.257	5.719	168.247	19.088	22.526	21.511	3.920	205.617	461.546			5.494	31.764	309.263	267.773	4050.820	8.849	0.433	6.045	5.854	5.404	4.972	10.255	0.420	196.937	0.868	4299.695	
Run 2 	0.352	0.365	0.804	3.536	4.231	8.057	5.249	163.080	18.105	23.099	21.024	3.884	441.345	689.187			5.565	27.712	311.031	267.768	4062.176	4.869	0.691	5.976	5.818	4.997	4.802	6.536	0.411	172.224	0.719	4275.767	
Run 3 	0.546	0.528	1.083	6.533	6.776	14.222	6.135	159.869	16.476	21.171	18.978	4.120	765.861	1017.052			6.146	27.327	310.772	268.042	4062.464	5.441	0.595	5.988	5.975	4.682	4.560	6.586	0.428	184.790	0.930	4289.860	
Run 4 	0.684	0.670	1.366	7.741	7.108	14.875	5.802	157.888	17.942	22.051	18.832	3.970	760.248	1012.312			5.736	27.687	310.937	268.350	4066.353	6.310	0.509	5.710	5.698	4.678	4.910	7.378	0.475	185.624	0.844	4296.278	
Run 5 	0.656	0.654	1.354	7.355	7.812	15.269	5.639	160.851	18.954	19.934	20.024	3.576	746.116	1000.699			5.806	28.261	310.174	267.401	4054.233	5.726	0.483	5.862	5.800	5.028	4.370	6.948	0.412	187.984	0.798	4284.190	
Run 6 	0.599	0.598	1.205	7.040	7.707	14.757	6.394	157.470	16.763	20.441	20.615	4.931	725.471	975.862			5.586	27.401	310.536	267.564	4057.721	6.481	0.482	5.794	5.715	4.673	4.747	7.326	0.409	186.308	0.718	4287.443	
Run 7 	0.553	0.552	1.114	6.691	7.602	14.578	5.321	158.010	16.409	19.860	19.350	3.641	636.240	885.669			5.325	28.795	313.143	269.693	4091.942	6.604	0.501	5.498	5.554	4.773	4.919	7.574	0.436	185.836	0.733	4321.979	
Run 8 	0.555	0.552	1.112	6.584	6.760	14.137	5.406	158.035	17.785	21.524	22.175	3.678	663.309	913.611			6.065	27.716	313.850	268.149	4085.888	6.681	0.597	5.822	5.761	4.586	4.565	7.466	0.446	190.634	0.798	4319.184	
Run 9 	0.600	0.598	1.206	7.281	7.734	15.853	5.813	160.021	17.724	21.809	19.068	4.580	633.597	889.811			5.583	29.026	313.047	270.110	4093.226	7.073	0.541	5.787	5.608	5.534	4.628	7.885	0.473	186.514	0.786	4325.059	
Run 10 	0.599	0.598	1.207	6.998	7.345	15.141	5.467	158.948	16.135	19.799	19.243	4.448	661.837	907.880			5.406	27.541	309.280	265.955	4038.224	6.246	0.470	5.828	5.866	4.639	5.144	7.375	0.433	184.223	0.770	4267.070	
Intel(R) HD Graphics 4600 - teddy
id	medL_solo	medR_solo	med_full	cross_h	cross_v	cross_full	aggregation	integral_h	aggr_h	integral_v	aggr_v	init_disp	final_disp	cross method total			aggr	supp_w	v_aggr_mean	h_aggr_mean	total aggregation	wta	consistency	v_ref_mean_L	v_ref_mean_R	h_ref_mean_L	h_ref_mean_R	wta_mean_LR	consistency_mean	total refinement	median	total WTA method
Run 1 	0.451	0.373	0.853	3.924	4.192	8.121	6.086	141.208	20.025	20.886	23.569	4.090	272.446	505.741			6.539	39.405	392.093	343.349	5160.338	8.190	0.494	5.826	6.257	5.560	5.561	10.257	0.459	203.053	0.859	5419.806	
Run 2 	0.327	0.327	0.659	3.708	4.220	8.668	7.273	143.196	18.462	22.647	20.421	4.520	708.391	944.243			6.761	34.152	389.617	348.070	5176.929	4.907	0.605	5.934	6.133	5.262	5.506	6.671	0.473	186.936	0.843	5412.154	
Run 3 	0.611	0.704	1.412	6.202	7.253	14.422	6.466	133.933	17.888	22.374	19.915	5.054	824.337	1052.583			6.417	33.815	386.072	337.481	5076.124	5.383	0.609	5.847	5.709	5.026	4.868	8.434	0.523	198.877	1.110	5325.679	
Run 4 	0.559	0.559	1.124	6.093	7.462	13.564	6.511	131.392	19.540	21.491	23.551	5.486	824.582	1057.230			6.727	30.900	389.684	344.776	5152.744	7.481	0.664	5.907	5.998	5.784	5.439	9.589	0.516	215.361	0.950	5417.891	
Run 5 	0.750	0.599	1.357	7.398	7.709	16.007	7.087	134.707	18.335	22.831	20.402	4.583	730.232	962.161			6.575	29.630	388.214	341.332	5119.552	7.838	0.730	6.007	6.111	5.156	5.284	11.283	0.527	216.970	0.828	5384.277	
Run 6 	0.639	0.599	1.246	7.408	7.854	15.272	7.129	130.280	18.624	21.320	22.531	4.962	677.153	908.248			7.119	35.759	391.283	346.340	5175.257	7.284	0.646	5.796	6.035	4.974	5.139	11.064	0.491	212.970	0.827	5442.375	
Run 7 	0.599	0.599	1.205	7.273	8.419	15.701	7.214	131.675	22.326	18.869	21.607	4.677	626.409	855.912			6.488	32.369	393.317	344.544	5175.910	8.065	0.547	6.014	5.873	4.975	5.051	10.563	0.640	211.789	0.898	5438.921	
Run 8 	0.650	0.648	1.306	7.931	8.767	16.708	7.473	130.389	22.007	20.257	25.124	4.233	669.071	903.933			6.732	32.828	392.601	346.624	5185.353	7.753	0.700	5.694	5.774	4.758	5.464	11.580	0.476	209.936	0.917	5446.977	
Run 9 	0.614	0.660	1.283	7.488	8.017	16.330	6.561	131.085	18.133	22.378	20.457	4.765	631.136	858.805			6.591	35.434	389.750	342.971	5141.246	7.014	0.531	5.764	6.033	6.028	5.110	10.948	0.489	206.287	0.832	5400.182	
Run 10 	0.650	0.614	1.271	7.239	8.630	15.879	8.752	130.260	19.699	19.291	20.787	4.210	668.847	898.470			6.303	33.519	387.476	343.677	5133.977	7.269	0.591	5.979	5.780	5.028	4.983	10.168	0.496	201.649	0.931	5386.003	
Intel(R) HD Graphics 4600 - cones
id	medL_solo	medR_solo	med_full	cross_h	cross_v	cross_full	aggregation	integral_h	aggr_h	integral_v	aggr_v	init_disp	final_disp	cross method total			aggr	supp_w	v_aggr_mean	h_aggr_mean	total aggregation	wta	consistency	v_ref_mean_L	v_ref_mean_R	h_ref_mean_L	h_ref_mean_R	wta_mean_LR	consistency_mean	total refinement	median	total WTA method
Run 1 	0.328	0.325	0.641	3.739	4.028	7.772	6.661	139.971	19.750	23.809	23.441	4.430	148.336	382.040			6.224	39.895	391.666	341.617	5145.131	8.291	0.694	5.925	6.055	5.424	5.563	11.241	0.503	207.320	1.077	5412.081	
Run 2 	0.328	0.329	0.660	3.887	4.560	9.116	6.047	144.784	20.683	20.600	24.351	4.204	679.780	920.103			6.968	30.682	388.627	346.036	5154.787	4.514	0.526	6.004	5.931	5.507	4.868	7.392	0.496	182.587	0.784	5384.741	
Run 3 	0.650	0.649	1.373	7.949	8.211	16.981	7.125	129.404	16.979	22.737	19.094	4.702	844.564	1071.270			7.497	31.701	388.707	341.595	5122.990	6.544	0.559	5.799	6.064	5.473	5.340	8.829	0.517	209.448	0.842	5381.832	
Run 4 	0.655	0.723	1.386	7.464	7.344	15.622	7.696	130.580	18.453	22.333	21.463	4.660	735.610	966.641			6.673	31.979	391.248	343.444	5153.285	6.997	0.627	5.907	5.888	5.631	4.837	10.174	0.562	211.807	0.931	5415.379	
Run 5 	0.599	0.599	1.205	7.440	7.736	15.184	7.051	131.284	21.107	21.582	20.312	4.704	713.995	946.372			6.247	32.916	388.567	341.896	5125.110	7.800	0.538	6.150	5.849	5.147	5.104	10.595	0.528	215.430	0.888	5389.663	
Run 6 	0.713	0.664	1.387	7.348	8.071	15.445	7.174	131.242	18.860	24.017	22.998	4.318	627.133	862.891			6.415	34.896	392.019	347.324	5186.823	7.305	0.546	6.060	5.949	5.274	5.098	9.968	0.518	216.606	0.945	5454.486	
Run 7 	0.649	0.648	1.416	7.444	8.225	15.920	7.132	133.056	21.102	22.730	22.307	5.233	641.778	880.409			6.573	34.612	391.849	344.957	5169.016	7.408	0.564	6.282	6.128	5.437	4.779	10.584	0.583	217.352	0.916	5437.654	
Run 8 	0.649	0.649	1.306	7.355	7.766	15.978	7.791	135.214	17.932	23.354	20.751	4.138	645.121	881.112			6.680	34.535	389.777	348.783	5180.941	8.685	0.586	5.872	6.003	4.745	4.865	10.563	0.475	205.957	0.890	5441.765	
Run 9 	0.661	0.599	1.267	7.140	7.451	15.420	6.654	131.060	18.277	20.190	22.530	4.096	641.491	869.039			6.526	35.239	389.027	341.627	5130.718	7.624	0.656	5.871	5.999	5.368	4.921	10.408	0.521	208.292	0.812	5390.752	
Run 10 	0.599	0.614	1.222	7.342	8.058	16.169	7.392	134.173	17.563	22.973	21.456	4.852	670.303	902.208			6.199	34.965	388.776	345.871	5155.543	7.327	0.512	5.739	5.987	5.544	5.611	9.692	0.504	204.991	0.887	5411.878	
Intel(R) HD Graphics 4600 - laundry
id	medL_solo	medR_solo	med_full	cross_h	cross_v	cross_full	aggregation	integral_h	aggr_h	integral_v	aggr_v	init_disp	final_disp	cross method total			aggr	supp_w	v_aggr_mean	h_aggr_mean	total aggregation	wta	consistency	v_ref_mean_L	v_ref_mean_R	h_ref_mean_L	h_ref_mean_R	wta_mean_LR	consistency_mean	total refinement	median	total WTA method
Run 1 	0.370	0.339	0.800	3.590	4.556	8.931	6.051	140.357	20.642	21.818	24.599	3.780	256.571	490.612			5.717	33.005	378.964	331.774	4985.856	8.137	0.588	5.779	5.690	4.727	4.724	11.341	0.564	209.575	0.880	5246.940	
Run 2 	0.310	0.308	0.709	3.558	3.998	7.666	5.669	137.658	22.039	22.177	23.335	4.404	592.524	824.386			6.291	32.767	377.903	332.615	4984.676	4.805	0.516	5.596	5.723	4.810	5.106	7.161	0.493	174.114	0.823	5208.306	
Run 3 	0.614	0.614	1.236	7.321	7.830	15.977	6.824	130.173	19.814	22.817	23.954	4.066	804.297	1037.295			6.328	34.195	379.491	333.263	5000.289	6.652	0.493	5.667	5.838	4.580	4.607	8.562	0.536	199.202	0.824	5249.127	
Run 4 	0.614	0.615	1.238	7.019	7.760	15.001	7.013	127.524	21.492	21.369	23.319	3.989	795.271	1026.970			6.139	29.613	377.279	331.223	4971.145	7.247	0.604	5.693	5.791	5.114	4.503	11.166	0.504	211.421	0.800	5229.140	
Run 5 	0.582	0.566	1.157	6.765	7.364	14.137	6.806	134.898	23.111	18.927	24.444	4.306	662.306	897.603			6.328	31.009	380.325	332.849	5004.700	7.531	0.786	5.892	5.937	5.356	4.515	10.302	0.502	212.476	0.818	5267.027	
Run 6 	0.568	0.566	1.139	6.872	6.997	13.877	6.914	128.789	21.974	21.988	24.364	3.926	615.612	846.586			6.173	30.740	380.076	335.957	5023.497	7.502	0.655	5.766	5.642	5.159	5.236	9.943	0.480	206.783	0.841	5278.436	
Run 7 	0.614	0.614	1.877	7.634	7.581	16.038	6.466	129.849	20.810	22.122	24.921	4.032	628.773	863.496			5.657	30.556	380.647	332.603	5004.200	7.132	0.778	5.682	5.749	4.706	4.847	9.121	0.517	202.813	0.824	5253.077	
Run 8 	0.567	0.566	1.142	6.813	7.375	15.337	6.538	132.679	22.905	23.275	24.107	3.987	686.516	921.840			6.667	30.355	377.539	332.782	4983.013	6.831	0.655	5.791	5.603	5.459	5.514	9.918	0.492	204.975	0.915	5235.348	
Run 9 	0.614	0.613	1.235	7.640	7.530	15.180	8.352	125.627	23.550	20.044	23.303	4.079	644.743	873.866			6.447	29.957	378.495	330.814	4975.942	7.746	0.610	5.698	5.761	4.781	5.071	10.213	0.535	205.356	0.815	5229.187	
Run 10 	0.620	0.566	1.194	7.345	7.382	14.736	6.394	131.309	21.832	21.014	23.902	4.477	685.396	917.704			6.297	33.081	375.841	331.412	4962.737	7.220	0.602	5.493	5.595	5.109	5.321	10.759	0.570	199.439	0.742	5213.512	